2 7 14 16 44 46 50 55 59 1
2 8 15 17 45 47 51 55 60 1
2 9 14 18 45 48 51 55 61 1
2 9 15 17 44 49 51 55 60 0
2 8 15 17 44 49 51 55 60 1
3 8 15 19 44 49 51 56 60 1
3 8 15 19 44 49 51 56 60 1
2 10 15 17 45 49 51 55 60 1
2 9 15 20 45 47 51 55 60 1
2 8 14 20 45 48 51 55 62 1
2 8 15 21 45 49 51 55 60 0
2 9 15 22 45 49 52 55 60 1
2 8 15 23 45 49 51 55 60 0
2 9 14 24 45 49 51 55 60 0
2 8 15 20 45 49 52 55 60 1
2 9 15 25 44 47 51 55 60 1
4 10 14 17 44 49 51 57 61 0
4 10 14 18 44 48 51 57 61 0
3 9 14 19 44 49 51 56 60 0
2 10 15 26 44 47 51 55 60 0
2 10 15 25 45 47 51 55 60 0
2 10 15 27 45 47 51 55 60 0
2 11 14 28 44 48 51 55 60 0
2 8 15 17 44 49 51 55 62 0
4 9 15 21 45 47 52 57 63 0
2 12 14 21 45 48 52 55 61 0
2 11 14 29 45 46 52 55 63 0
2 12 15 24 45 48 51 55 61 0
3 8 15 19 45 49 51 56 59 1
2 10 15 20 45 46 51 55 61 0
2 8 14 18 45 46 52 55 61 0
2 12 14 30 45 48 51 55 63 1
2 10 14 31 45 48 50 55 64 1
2 12 14 22 45 46 51 55 65 0
2 12 15 32 45 48 51 55 62 0
2 10 14 16 45 49 50 55 64 0
2 9 14 24 45 46 51 55 66 0
2 9 14 24 45 49 50 55 61 0
2 10 14 24 44 47 51 55 65 1
2 9 14 32 44 47 50 55 59 1
2 10 14 33 44 47 50 55 64 1
2 10 15 22 44 47 51 55 59 1
2 8 14 32 45 48 51 55 60 0
3 12 14 19 45 49 51 56 60 1
3 12 14 19 45 49 51 56 59 0
2 12 15 22 45 48 50 55 60 0
5 8 15 19 45 46 53 58 63 0
3 10 14 22 45 49 51 56 60 1
4 10 15 30 45 48 51 57 61 1
2 12 14 34 45 49 51 55 61 0
2 11 14 18 45 48 52 55 60 0
2 12 14 18 45 48 51 55 60 0
2 10 15 16 44 48 51 55 66 0
2 9 14 35 45 48 51 55 62 0
2 12 14 35 45 48 51 55 62 0
2 12 14 30 44 48 51 55 62 0
3 11 15 19 44 49 51 56 60 0
3 8 15 17 44 47 53 56 60 0
2 10 15 31 45 47 54 55 60 0
2 10 14 20 45 47 50 55 60 0
2 8 15 17 44 48 51 55 60 0
2 13 15 28 44 47 51 55 60 0
4 10 15 18 45 48 51 57 61 0
2 11 15 22 44 48 51 55 61 0
2 11 15 17 45 48 51 55 66 0
2 11 14 25 44 49 51 55 60 0
2 8 14 26 45 48 51 55 60 1
2 11 15 25 44 49 51 55 61 0
3 10 14 19 44 49 51 56 61 1
5 8 14 36 45 48 51 58 61 0
2 10 14 16 45 47 50 55 60 1
3 10 15 19 44 47 51 56 60 0
2 12 15 37 44 49 50 55 64 0
2 11 14 36 44 49 51 55 60 0
4 11 15 36 45 47 51 57 61 0
6 11 15 18 44 49 51 56 61 0
2 11 15 25 45 48 51 55 60 0
2 8 15 17 45 49 51 55 61 0
2 11 15 17 44 49 51 55 59 1
2 10 14 30 45 49 51 55 60 1
5 10 14 24 45 48 51 58 61 0
2 10 14 35 45 48 51 55 61 0
6 8 15 25 44 48 51 56 60 1
6 11 15 24 45 49 51 56 60 1
2 8 15 20 45 47 52 55 60 0
2 11 14 36 44 49 51 55 60 0
2 8 15 17 44 49 51 55 60 0
2 11 14 28 44 49 51 55 60 0
2 9 15 24 44 47 51 55 60 1
4 11 15 18 45 47 51 57 60 0
2 11 15 20 44 48 52 55 59 0
2 8 15 17 44 47 51 55 60 0
3 12 14 20 45 48 51 56 60 0
2 9 15 20 45 49 51 55 60 0
2 11 14 36 44 49 51 55 60 0
2 13 14 17 45 49 51 55 60 0
3 8 15 19 44 49 52 56 60 0
4 8 15 17 44 48 51 57 60 0
2 8 15 25 45 47 51 55 60 1
3 10 14 17 44 49 51 56 60 0
2 11 15 36 44 46 51 55 60 0
2 11 15 18 45 49 51 55 60 0
2 10 15 28 45 49 51 55 60 0
2 11 15 25 45 47 51 55 61 0
3 10 15 19 44 47 51 56 61 0
2 8 15 17 44 48 51 55 61 0
2 11 15 38 45 48 50 55 61 0
2 9 14 25 45 49 51 55 60 0
2 11 15 18 45 49 51 55 59 0
2 12 14 36 45 46 50 55 60 0
2 8 15 17 45 47 51 55 60 0
2 12 14 22 45 49 51 55 60 0
6 10 15 24 44 46 50 56 64 0
2 8 15 25 45 48 51 55 60 0
3 8 15 17 44 47 51 56 60 0
2 11 15 17 45 48 51 55 61 0
3 8 15 19 44 47 51 56 60 0
4 11 14 18 45 48 51 57 61 0
2 8 15 36 44 48 53 55 60 0
2 8 14 36 44 47 51 55 59 0
2 8 15 20 45 49 51 55 61 1
5 8 15 28 45 47 51 58 61 0
2 8 14 17 45 48 51 55 61 0
3 9 14 18 44 49 53 56 60 1
2 8 15 18 45 49 53 55 60 0
2 10 15 17 44 49 51 55 60 1
2 11 15 36 45 49 51 55 61 0
2 10 14 32 45 47 51 55 60 0
4 9 14 18 45 49 52 57 60 0
2 8 15 20 44 49 52 55 60 0
2 11 15 20 44 48 51 55 61 0
2 8 15 17 44 49 51 55 60 0
2 8 15 36 45 49 51 55 61 0
6 12 14 18 45 49 51 56 60 0
2 11 15 18 45 47 52 55 60 0
2 11 15 20 45 48 51 55 60 0
2 11 14 25 44 49 51 55 60 0
2 9 15 16 44 48 50 55 59 0
2 9 15 17 45 49 51 55 61 0
2 9 15 18 44 48 53 55 60 0
2 8 15 20 44 49 51 55 61 0
5 10 15 32 45 47 52 58 61 1
3 9 15 19 45 48 51 56 63 0
2 10 15 31 45 48 50 55 61 0
2 10 14 35 44 49 50 55 65 1
2 7 15 18 45 48 53 55 59 0
2 9 15 17 45 48 51 55 60 0
2 9 15 17 45 48 51 55 60 0
2 10 14 24 44 49 50 55 65 1
2 9 15 30 45 48 50 55 64 1
2 9 15 30 44 47 50 55 61 0
2 9 14 22 45 48 50 55 61 0
2 8 14 20 45 49 51 55 60 1
2 10 15 18 45 49 54 55 65 1
2 8 14 32 44 47 50 55 65 1
2 9 14 21 44 49 50 55 61 1
2 9 14 30 45 47 50 55 64 1
2 12 14 33 44 48 53 55 64 1
2 10 14 16 44 49 50 55 64 1
2 9 15 35 44 49 50 55 61 0
4 9 14 31 45 49 50 57 65 0
2 12 14 31 45 48 50 55 65 0
2 9 15 21 45 48 52 55 60 0
2 9 14 16 44 49 50 55 64 1
2 10 14 32 44 49 50 55 65 0
2 12 14 18 44 48 51 55 65 1
2 10 14 35 44 49 50 55 65 1
2 9 14 32 45 47 50 55 64 1
2 12 14 39 44 49 53 55 60 1
2 10 15 35 44 49 51 55 64 1
2 10 14 24 44 48 54 55 60 1
2 10 15 22 45 49 50 55 61 1
2 10 14 30 44 49 50 55 59 1
2 10 15 30 44 49 50 55 59 1
2 10 14 16 44 49 50 55 61 1
2 12 15 22 44 48 50 55 64 1
4 12 14 35 45 47 50 57 64 1
2 9 14 24 44 47 50 55 66 1
2 10 14 35 44 47 54 55 66 1
2 8 15 36 45 49 51 55 60 0
2 10 14 32 45 48 50 55 65 1
2 12 15 22 44 47 50 55 65 1
2 12 14 24 44 47 50 55 65 1
2 10 14 35 44 49 50 55 64 1
2 9 14 25 45 49 51 55 61 0
2 12 14 30 44 48 50 55 59 1
2 10 14 30 44 47 50 55 61 1
2 10 14 16 44 47 53 55 64 1
2 10 15 16 44 49 50 55 61 1
3 9 15 32 45 47 51 56 61 0
2 12 14 22 45 49 50 55 61 1
2 9 15 16 45 49 53 55 65 1
2 10 15 22 44 49 51 55 64 1
2 12 14 16 45 49 51 55 59 1
2 13 15 17 45 48 51 55 60 0
2 10 14 35 45 49 50 55 59 1
2 10 15 22 45 49 50 55 62 1
2 12 14 30 44 46 50 55 59 1
2 10 15 16 44 49 50 55 59 1
4 12 15 35 45 49 50 57 65 1
2 12 15 24 44 46 50 55 59 1
2 12 15 30 45 49 53 55 65 1
2 12 14 22 44 49 50 55 64 1
2 12 15 22 44 47 50 55 59 0
2 12 14 16 44 47 50 55 66 0
2 12 15 16 45 49 50 55 64 1
2 12 15 16 45 48 50 55 65 1
2 10 14 16 45 47 50 55 64 1
2 10 14 16 44 48 50 55 59 1
3 8 14 25 45 49 51 56 60 0
2 10 15 22 45 49 50 55 66 1
2 10 15 16 44 49 54 55 65 1
2 11 15 25 45 48 51 55 61 0
2 12 15 22 44 47 51 55 61 1
2 10 14 39 45 47 50 55 65 1
2 12 14 22 44 48 51 55 59 1
2 12 14 16 45 49 53 55 64 1
2 12 14 22 44 48 50 55 65 1
2 12 14 22 44 49 50 55 66 1
2 12 15 22 45 47 50 55 66 1
2 10 15 30 45 47 50 55 64 0
2 12 15 30 44 47 50 55 66 1
2 12 14 16 45 47 50 55 65 1
2 12 14 22 44 49 50 55 66 1
2 12 14 16 45 47 50 55 65 1
2 12 14 24 45 47 53 55 59 1
2 12 14 22 45 47 50 55 59 0
2 11 15 27 45 49 51 55 61 0
3 12 15 37 45 49 51 56 61 1
2 12 14 22 44 49 50 55 61 1
4 12 15 31 45 49 51 57 61 0
2 12 14 16 44 47 53 55 65 1
2 10 15 31 44 49 54 55 61 0
2 10 14 35 45 49 51 55 65 0
2 12 15 24 45 47 50 55 59 1
2 12 15 22 44 47 51 55 59 1
4 11 15 32 44 48 51 57 60 0
2 10 15 16 45 47 54 55 61 1
2 12 14 22 45 47 53 55 66 1
3 12 15 37 45 49 51 56 65 1
4 10 14 35 44 49 51 57 61 0
2 12 15 37 44 49 51 55 64 0
2 12 14 37 45 49 52 55 60 0
2 12 14 22 44 49 53 55 65 1
2 10 15 16 45 46 50 55 59 1
2 10 15 16 45 47 50 55 62 1
3 12 14 37 45 49 52 56 65 1
2 12 15 32 44 47 50 55 65 0
2 10 15 31 44 49 51 55 64 0
2 12 14 16 44 49 51 55 60 0
2 12 14 16 44 49 51 55 64 0
2 10 15 18 44 49 51 55 60 0
2 12 15 30 44 49 50 55 59 1
3 12 14 31 44 49 51 56 64 1
6 12 15 35 45 49 51 56 62 0
6 12 15 22 45 49 51 56 64 0
2 10 14 30 45 49 53 55 65 1
2 12 14 16 44 49 51 55 65 0
2 10 15 22 45 47 53 55 65 0
2 10 15 35 45 47 50 55 65 1
2 10 15 20 44 48 51 55 65 0
2 12 14 30 45 47 50 55 64 1
2 12 14 22 45 47 50 55 65 0
3 12 14 37 45 49 51 56 65 1
2 12 15 35 44 49 51 55 65 0
2 12 15 35 44 49 51 55 61 0
2 12 14 31 44 49 51 55 61 0
2 10 15 16 45 48 50 55 65 0
2 12 15 35 45 47 52 55 62 1
2 10 15 35 45 47 50 55 61 1
2 10 14 22 45 47 54 55 59 1
2 12 15 22 45 47 50 55 65 1
3 12 14 37 45 49 51 56 65 1
2 12 14 35 45 49 51 55 64 0
2 12 14 35 45 49 51 55 61 0
2 10 14 32 45 47 50 55 64 1
2 12 14 16 44 49 51 55 65 0
2 10 14 22 45 47 50 55 66 1
2 12 14 22 45 47 50 55 65 1
2 12 14 30 45 47 50 55 64 1
2 10 15 32 45 47 50 55 65 1
3 12 14 37 45 49 51 56 60 1
2 10 14 32 45 49 50 55 64 1
2 7 14 31 45 49 51 55 65 0
2 12 14 35 45 49 51 55 61 0
2 12 14 35 45 49 51 55 61 0
2 12 14 32 45 49 50 55 65 0
2 12 14 24 44 47 50 55 65 1
3 12 14 37 45 49 51 56 59 1
2 12 15 35 44 49 51 55 66 0
2 12 14 22 45 49 51 55 64 0
2 12 14 22 45 49 51 55 61 0
2 12 14 22 45 49 50 55 65 1
2 10 15 39 45 47 50 55 66 1
2 12 14 24 45 47 51 55 59 1
2 12 15 24 45 47 50 55 65 1
2 10 15 32 45 47 50 55 65 0
3 12 14 37 45 49 51 56 59 1
2 10 15 39 45 47 50 55 62 0
2 12 14 32 45 47 50 55 59 0
2 12 14 39 45 47 50 55 65 0
2 10 15 32 45 49 53 55 65 1
2 12 15 39 45 47 50 55 60 1
2 12 14 39 45 49 50 55 66 0
2 12 15 39 45 47 50 55 65 1
2 12 14 18 45 49 50 55 66 1
2 12 15 24 45 49 54 55 65 0
2 10 14 22 45 49 50 55 59 0
2 12 14 32 45 49 53 55 61 0
2 12 14 16 45 47 50 55 66 0
2 12 15 16 45 47 50 55 65 0
2 12 14 39 45 49 50 55 65 0
2 10 15 18 44 49 50 55 59 0
2 12 15 32 45 46 50 55 59 0
2 12 15 16 45 47 53 55 66 0
2 10 14 24 44 48 50 55 61 0
2 12 15 18 45 49 51 55 61 0
4 11 14 28 45 49 51 57 60 0
2 10 14 39 44 49 50 55 65 1
2 12 14 16 45 47 53 55 64 1
2 10 14 24 45 49 50 55 62 0
2 12 15 16 45 49 53 55 66 0
2 12 14 24 45 49 54 55 64 0
2 12 14 32 45 48 50 55 64 0
2 12 14 32 45 47 51 55 62 0
2 12 14 39 45 47 50 55 62 0
4 8 15 18 44 49 51 57 61 0
2 12 14 16 45 46 51 55 62 0
2 12 14 22 45 49 51 55 62 0
2 12 14 30 45 47 54 55 65 0
2 12 14 24 45 49 50 55 62 0
2 12 15 30 45 49 50 55 62 0
2 12 14 39 45 47 53 55 60 0
2 12 14 18 44 49 50 55 59 0
2 12 14 39 44 49 50 55 59 0
2 12 14 33 45 49 50 55 59 0
2 12 14 39 45 47 50 55 66 0
2 12 14 24 45 47 50 55 59 0
2 12 15 32 45 47 54 55 59 0
2 7 15 37 45 49 51 55 66 0
2 12 14 35 45 49 51 55 66 0
2 13 15 17 44 49 53 55 60 0
3 12 14 37 45 49 51 56 62 1
2 12 14 37 45 49 51 55 59 0
3 12 14 37 45 49 51 56 59 1
2 12 14 16 45 49 51 55 62 0
2 12 14 35 44 49 51 55 59 0
2 12 14 35 45 49 51 55 65 0
2 12 14 16 45 49 51 55 64 0
2 12 14 16 45 49 51 55 62 0
2 8 15 18 45 46 52 55 60 0
2 12 15 35 44 49 51 55 66 0
2 12 14 31 44 49 51 55 62 0
3 12 14 37 44 49 51 56 62 0
2 12 15 18 44 48 50 55 65 0
2 12 15 39 45 49 50 55 66 0
3 13 15 25 45 49 51 56 60 0
2 9 14 25 45 49 51 55 60 0
2 12 14 35 45 49 51 55 60 0
4 8 14 23 45 48 51 57 60 0
2 11 15 18 45 47 52 55 60 0
2 11 14 27 45 48 51 55 60 0
2 12 14 24 44 48 50 55 65 0
2 12 15 22 45 48 50 55 65 0
2 12 14 22 45 47 50 55 59 0
2 12 15 32 45 49 50 55 65 0
2 12 15 30 45 49 53 55 61 0
2 12 15 24 45 48 51 55 59 0
2 10 15 32 45 49 53 55 65 0
2 10 14 24 45 48 50 55 65 1
3 7 14 19 45 46 50 56 61 0
2 11 15 20 44 47 51 55 61 0
3 9 14 19 45 47 51 56 60 0
2 12 15 24 45 49 52 55 61 0
2 10 14 30 45 49 50 55 64 0
2 12 14 24 45 49 50 55 59 0
2 12 14 30 45 48 50 55 59 0
2 12 15 30 45 49 50 55 59 0
2 10 15 24 44 47 50 55 59 0
2 10 14 30 45 49 50 55 59 0
2 12 15 32 45 49 50 55 59 1
2 12 14 30 45 49 50 55 66 0
2 10 14 24 45 47 50 55 66 0
2 10 15 32 45 49 50 55 59 0
2 12 14 24 45 47 50 55 59 0
2 12 14 18 45 49 53 55 59 0
2 9 15 32 45 49 53 55 59 0
2 10 14 32 45 48 50 55 59 0
2 10 14 24 45 46 53 55 66 0
2 12 14 24 45 49 50 55 65 0
2 10 14 24 45 48 53 55 65 0
2 10 15 32 45 49 50 55 59 0
2 12 14 39 45 47 50 55 66 0
2 10 15 30 45 48 53 55 59 0
2 12 14 32 45 49 50 55 65 0
2 12 14 18 45 48 50 55 64 0
2 12 15 32 45 47 50 55 59 0
2 10 15 34 45 47 50 55 64 0
2 12 15 22 45 49 54 55 65 0
2 12 15 30 45 48 50 55 66 0
2 12 15 39 45 49 51 55 59 0
2 10 15 24 45 47 50 55 64 0
2 10 14 39 45 48 53 55 59 0
2 12 14 24 45 49 50 55 65 0
2 12 15 39 45 49 54 55 59 0
2 12 15 39 45 47 50 55 65 0
2 12 14 39 44 47 50 55 65 0
2 12 14 32 44 48 53 55 59 0
2 12 14 24 45 49 50 55 59 0
2 10 15 39 44 49 53 55 65 0
2 12 14 18 45 49 50 55 59 0
2 12 15 20 45 49 50 55 59 0
2 12 14 18 45 48 53 55 62 0
2 12 15 38 45 47 50 55 59 0
2 12 15 39 45 49 50 55 64 0
2 12 14 18 45 47 50 55 59 0
2 12 15 32 44 49 53 55 66 0
2 8 15 18 45 49 52 55 60 0
2 10 15 24 45 49 50 55 59 0
4 8 14 17 44 48 51 57 61 0
2 11 15 22 45 49 51 55 60 0
4 9 15 32 45 49 51 57 60 0
2 9 15 31 45 46 51 55 63 0
5 10 15 18 45 49 51 58 60 0
4 10 15 31 44 48 51 57 62 0
5 10 15 18 45 49 51 58 60 0
6 8 15 22 44 46 53 56 64 0
2 12 15 24 45 49 50 55 65 0
2 12 15 32 45 47 50 55 59 0
2 12 15 30 45 49 53 55 62 0
2 12 15 39 45 47 50 55 65 0
2 12 14 30 45 49 54 55 59 0
2 12 14 39 45 47 50 55 59 0
2 12 14 39 45 49 54 55 66 0
2 12 14 24 44 49 50 55 66 0
2 10 14 30 45 49 50 55 60 0
2 12 14 24 45 47 53 55 65 0
2 12 15 32 44 49 50 55 59 0
2 10 15 16 44 49 50 55 66 0
2 12 14 30 45 49 53 55 65 0
2 12 15 32 45 49 50 55 61 0
2 12 14 32 44 47 50 55 65 0
2 12 14 32 45 49 53 55 65 0
2 12 14 39 45 47 50 55 60 0
2 12 14 30 44 49 53 55 65 0
2 12 14 30 45 49 53 55 59 0
2 12 14 24 44 47 54 55 65 0
2 12 14 30 45 48 54 55 66 0
2 12 14 24 45 47 50 55 59 0
2 12 14 30 45 49 53 55 66 0
2 12 14 30 45 47 50 55 59 0
2 12 14 24 45 48 54 55 66 0
2 12 14 24 44 49 53 55 66 0
2 12 15 16 45 49 50 55 65 0
2 12 14 24 45 49 53 55 66 0
2 12 14 30 45 49 51 55 66 0
2 12 14 24 45 49 53 55 65 0
2 12 14 24 45 47 50 55 59 0
2 12 14 39 44 47 50 55 64 0
2 12 14 16 45 49 53 55 65 0
2 10 15 30 45 49 50 55 59 0
2 12 15 30 45 47 50 55 59 0
2 10 14 39 44 47 53 55 59 0
2 12 14 30 45 47 50 55 65 0
2 12 14 22 45 47 50 55 65 0
2 12 14 24 45 47 50 55 66 0
2 10 15 32 45 47 50 55 59 0
2 12 15 30 45 47 50 55 66 0
2 12 14 30 45 47 50 55 59 0
2 12 15 22 45 49 50 55 65 0
2 10 15 16 45 47 50 55 59 0
2 12 14 30 45 47 50 55 59 0
2 12 14 32 45 49 50 55 64 0
2 10 15 35 45 48 51 55 62 0
2 12 14 30 45 47 50 55 59 0
2 10 14 39 45 47 50 55 64 0
2 12 15 24 45 47 50 55 64 0
2 12 14 24 45 47 53 55 59 0
2 12 14 24 45 47 54 55 59 0
2 9 14 32 44 47 50 55 59 0
2 12 15 32 45 47 50 55 65 0
2 10 14 32 45 47 50 55 64 0
2 12 14 24 45 47 50 55 64 0
2 12 14 32 45 47 53 55 64 0
2 12 14 30 45 47 50 55 59 0
2 12 15 32 45 49 54 55 65 0
2 12 15 24 44 47 50 55 59 0
2 12 15 24 45 47 50 55 65 0
2 12 15 22 45 47 50 55 60 0
2 10 15 22 45 47 53 55 64 0
2 12 15 30 45 47 50 55 66 0
2 12 14 30 45 49 50 55 65 0
2 12 15 30 45 49 50 55 59 0
2 12 15 30 45 47 53 55 64 0
2 12 15 30 45 49 51 55 65 0
2 12 15 30 45 47 50 55 66 0
2 12 15 22 45 49 50 55 65 0
2 12 15 30 45 47 54 55 61 0
5 7 15 31 45 48 51 58 62 0
2 8 14 31 45 48 50 55 63 0
2 10 14 32 45 47 53 55 59 0
2 12 14 30 45 47 53 55 65 0
2 12 14 30 45 47 50 55 66 0
2 12 15 30 45 49 53 55 66 0
2 12 15 39 45 47 50 55 66 0
2 12 15 22 45 47 54 55 59 0
2 12 15 30 45 49 51 55 65 0
2 12 15 30 45 47 51 55 64 0
2 12 15 39 45 49 50 55 61 0
2 12 15 22 45 47 50 55 64 0
2 12 14 22 45 47 50 55 64 0
2 12 14 22 45 47 53 55 59 0
2 10 14 16 45 49 50 55 59 0
2 12 14 22 45 49 51 55 59 0
2 12 15 22 45 49 50 55 65 0
2 12 15 39 45 47 50 55 65 0
2 10 15 22 45 49 50 55 59 0
2 12 15 16 45 47 53 55 59 0
2 11 14 21 45 49 51 55 61 0
2 12 15 30 45 49 50 55 59 0
2 12 15 22 45 47 50 55 59 0
2 10 14 22 45 47 50 55 59 0
2 12 14 22 45 47 53 55 59 0
2 12 15 30 45 49 50 55 65 0
4 11 14 17 44 48 51 57 62 0
2 8 15 27 45 48 51 55 60 0
2 9 15 33 45 47 51 55 61 0
3 8 15 19 44 48 51 56 61 0
2 8 15 21 45 49 50 55 65 1
2 8 15 18 44 47 51 55 60 0
2 12 14 22 45 49 50 55 64 0
2 12 15 30 45 49 54 55 59 0
2 10 15 30 45 47 53 55 59 0
2 12 14 30 45 49 50 55 65 0
2 12 15 22 45 49 53 55 64 0
2 12 15 30 45 49 53 55 65 0
4 11 14 36 44 48 51 57 60 0
2 8 14 37 45 48 52 55 60 0
4 8 15 18 45 49 51 57 60 0
2 11 15 18 44 48 51 55 60 0
3 11 15 19 44 47 51 56 60 0
2 11 15 40 44 47 51 55 60 0
4 11 15 25 44 49 51 57 61 0
2 9 15 17 44 49 51 55 60 0
4 11 15 18 44 49 51 57 61 0
2 11 15 25 44 49 51 55 60 0
2 8 15 21 45 47 51 55 61 0
4 8 15 23 45 48 51 57 61 0
2 8 15 28 45 49 51 55 60 0
2 8 15 28 45 46 51 55 61 0
2 11 15 20 45 48 51 55 60 0
3 8 15 19 44 49 51 56 60 0
2 12 14 30 45 49 54 55 65 0
2 12 15 16 45 49 50 55 65 0
2 12 15 30 44 49 53 55 59 0
2 12 15 22 44 47 50 55 59 0
2 12 15 22 45 47 53 55 65 0
2 10 15 22 45 47 51 55 64 0
2 12 15 32 45 47 51 55 59 0
2 12 15 22 45 47 50 55 65 0
2 12 15 22 45 47 50 55 59 0
2 11 15 17 45 48 51 55 61 0
2 8 15 20 44 48 51 55 60 0
2 8 15 27 44 48 51 55 60 0
2 8 15 18 44 48 51 55 60 0
3 8 15 19 45 46 51 56 61 0
2 8 15 17 45 48 51 55 60 0
3 11 15 19 44 49 51 56 60 0
3 8 15 18 44 49 51 56 60 0
2 9 15 17 45 48 51 55 61 0
3 11 14 19 45 48 50 56 60 0
2 8 15 17 45 49 51 55 60 0
2 13 15 36 45 49 51 55 60 0
2 9 15 18 44 49 50 55 61 0
2 11 15 25 45 48 51 55 60 0
2 9 15 30 45 46 51 55 60 0
3 11 15 19 45 49 51 56 60 0
2 9 15 20 44 49 51 55 60 1
2 8 14 17 45 49 51 55 61 0
2 12 15 41 44 48 51 55 60 0
2 11 15 42 45 49 53 55 61 1
2 10 15 25 44 49 51 55 60 0
2 10 15 22 45 47 50 55 59 0
2 10 15 39 45 47 54 55 64 0
2 8 14 18 45 49 51 55 60 0
2 12 15 24 44 47 53 55 61 0
2 12 15 22 45 47 51 55 66 0
2 12 15 22 45 47 50 55 60 0
2 10 14 22 45 49 50 55 64 0
2 12 15 22 45 47 50 55 65 0
2 10 15 16 45 47 51 55 66 0
2 12 15 22 45 47 53 55 65 0
2 10 15 24 45 49 54 55 65 0
2 10 15 22 45 47 50 55 62 0
2 9 15 22 45 49 50 55 64 0
2 10 15 32 45 47 50 55 64 0
2 12 15 22 45 49 50 55 59 0
4 13 14 17 45 47 51 57 66 0
2 11 15 31 44 48 50 55 61 0
2 9 15 17 45 49 51 55 60 0
2 10 15 22 45 49 50 55 65 0
2 10 15 30 45 49 50 55 65 0
2 12 15 24 45 47 53 55 61 0
2 12 15 22 45 49 50 55 60 0
2 12 15 24 45 47 50 55 65 0
2 12 15 32 45 49 54 55 61 0
2 10 14 22 45 47 50 55 61 0
2 12 14 30 45 47 50 55 61 0
2 10 15 22 45 48 50 55 61 0
2 10 14 32 45 47 53 55 61 0
2 12 14 24 45 47 50 55 60 0
2 12 15 24 45 47 50 55 64 0
6 12 14 30 45 49 51 56 60 0
3 8 15 36 44 48 51 56 60 0
3 8 14 19 45 49 51 56 60 0
5 8 15 25 45 48 51 58 60 0
2 12 14 24 45 49 50 55 64 0
2 12 15 22 45 47 50 55 65 0
2 12 15 22 45 47 50 55 64 0
2 12 15 24 45 49 50 55 60 0
2 12 14 30 45 47 53 55 64 0
2 12 15 22 45 47 50 55 60 0
2 12 15 30 45 49 50 55 61 0
2 12 15 22 45 49 50 55 65 0
2 9 15 22 45 49 53 55 61 0
2 9 15 22 45 49 50 55 61 0
2 12 14 30 45 47 50 55 61 0
2 9 15 22 45 49 50 55 60 0
2 12 15 24 45 47 53 55 61 0
2 10 15 22 45 47 50 55 61 0
2 9 15 32 45 47 50 55 64 0
2 10 14 16 45 49 50 55 61 0
2 12 14 22 45 49 50 55 61 0
2 12 15 24 45 49 50 55 64 0
2 12 15 39 45 47 50 55 61 0
2 12 15 32 45 49 50 55 61 0
2 12 14 32 45 47 50 55 65 0
2 12 14 30 45 49 53 55 65 0
2 10 15 22 45 49 50 55 64 0
2 10 15 30 45 47 53 55 64 0
2 10 15 24 45 47 53 55 65 0
2 12 15 32 45 49 53 55 64 0
2 10 15 22 45 49 50 55 65 0
2 12 15 30 45 49 50 55 59 0
2 12 15 30 45 47 50 55 64 0
2 12 15 22 45 47 50 55 65 0
2 12 15 30 45 47 50 55 64 0
2 12 15 22 45 49 50 55 65 0
2 10 15 24 45 48 50 55 61 0
2 9 15 22 45 49 50 55 65 0
2 12 15 22 45 47 54 55 64 0
2 8 15 17 45 48 51 55 61 0
2 12 15 30 45 47 50 55 64 0
2 10 15 30 45 47 50 55 61 0
2 10 15 30 45 49 50 55 61 0
2 12 14 30 45 47 50 55 65 0
2 12 15 24 45 49 50 55 59 0
2 12 14 24 45 49 50 55 61 0
2 10 14 24 45 49 50 55 60 0
2 12 15 24 45 49 54 55 65 0
2 12 15 24 45 47 50 55 64 0
6 8 15 20 44 48 51 56 60 0
2 12 15 24 44 47 50 55 65 0
2 10 15 30 45 47 53 55 65 0
2 12 15 24 44 47 50 55 59 0
2 10 14 22 44 49 50 55 59 0
2 12 15 30 45 47 53 55 66 0
2 8 15 36 45 47 51 55 60 0
2 8 15 22 45 46 51 55 59 0
4 11 15 17 44 48 51 57 59 0
3 8 15 36 45 48 51 56 60 0
3 11 15 19 44 47 51 56 60 0
3 8 15 19 44 49 51 56 60 0
2 11 15 43 44 47 51 55 60 0
2 10 15 18 44 49 50 55 60 0
2 9 15 27 45 49 51 55 61 0
2 10 14 20 45 47 51 55 60 1
2 9 15 24 45 47 54 55 61 1
2 10 14 39 45 47 51 55 60 1
2 9 14 21 45 47 51 55 60 1
2 10 15 30 45 47 50 55 60 1
2 10 14 34 45 47 51 55 60 1
2 10 15 22 45 46 51 55 60 1
2 11 15 17 44 49 51 55 60 0
2 10 14 22 45 47 50 55 60 1
2 10 15 39 45 47 51 55 60 1
2 10 15 24 45 47 53 55 60 1
2 9 15 21 45 47 53 55 60 1
2 10 14 39 45 47 51 55 61 1
2 10 14 24 45 47 51 55 60 1
2 10 14 32 45 47 51 55 60 1
2 9 15 30 45 47 54 55 61 1
2 10 14 32 45 47 51 55 61 1
2 10 14 32 45 47 51 55 61 1
2 9 14 21 45 47 51 55 61 1
2 10 14 39 45 47 51 55 61 1
2 10 14 23 45 47 51 55 60 1
2 10 14 32 45 47 51 55 61 1
2 10 15 39 45 47 51 55 60 1
2 10 15 32 45 47 51 55 60 1
2 8 15 20 45 47 51 55 60 1
2 9 15 34 45 47 51 55 60 1
2 10 14 32 45 47 51 55 60 1
2 12 14 24 44 49 51 55 60 0
4 8 15 17 45 49 52 57 60 0
2 9 15 25 45 49 50 55 60 0
2 11 14 17 45 47 51 55 60 0
2 11 15 20 45 48 51 55 60 0
2 11 15 17 45 49 51 55 60 0
2 10 15 30 45 47 50 55 65 0
2 12 15 24 45 47 53 55 65 0
2 12 15 22 45 47 50 55 64 0
2 10 15 30 45 47 50 55 60 0
2 12 15 32 44 47 53 55 64 0
2 12 15 24 45 47 50 55 64 0
2 10 14 24 44 49 50 55 60 0
2 9 15 39 45 47 51 55 60 1
2 9 14 34 45 47 53 55 60 1
2 9 15 34 45 47 51 55 60 1
2 10 14 39 45 47 51 55 60 1
2 10 14 34 45 47 51 55 60 1
2 12 15 30 45 47 53 55 64 0
2 12 15 24 45 49 50 55 61 0
2 12 15 24 45 47 53 55 65 0
2 10 15 24 45 47 50 55 61 0
2 10 15 30 45 49 50 55 64 0
2 10 15 32 45 49 53 55 61 0
2 10 15 22 45 49 50 55 65 0
2 10 15 21 45 47 51 55 60 1
2 10 14 32 45 47 52 55 60 1
2 10 14 24 45 47 51 55 60 1
2 10 14 18 45 47 51 55 60 1
2 10 15 21 45 47 51 55 60 1
2 10 15 39 45 47 51 55 61 0
2 10 14 21 45 47 54 55 60 0
2 10 15 34 45 47 51 55 60 0
2 10 15 39 45 47 51 55 60 0
2 10 15 32 45 47 54 55 60 0
2 11 15 20 45 47 51 55 60 0
2 13 14 17 45 49 51 55 60 0
2 12 14 24 45 47 54 55 60 0
2 10 15 32 45 49 53 55 60 0
2 10 14 24 45 47 50 55 61 0
2 10 15 30 45 47 50 55 64 0
2 10 15 24 45 49 50 55 61 0
2 12 15 24 45 49 50 55 65 0
2 12 14 24 45 47 50 55 59 0
2 8 14 24 45 47 50 55 65 0
2 9 15 24 45 47 50 55 64 0
2 12 14 32 45 47 50 55 64 0
2 10 15 30 45 49 50 55 64 0
2 12 15 30 45 47 50 55 59 0
2 12 15 30 45 48 50 55 59 0
2 12 14 30 45 48 50 55 64 0
2 7 15 24 45 46 50 55 61 0
2 10 15 30 45 47 50 55 65 0
2 12 14 24 45 49 50 55 64 0
2 10 14 24 45 47 50 55 59 0
2 12 15 24 45 47 53 55 65 0
2 10 15 24 45 47 50 55 64 0
2 12 15 24 45 47 50 55 65 0
2 10 15 24 45 46 50 55 65 0
2 10 15 32 45 47 50 55 64 0
2 12 15 24 45 47 50 55 65 0
2 9 14 32 45 47 53 55 64 0
2 10 14 32 45 47 53 55 61 0
2 12 15 24 45 48 50 55 65 0
2 10 15 32 45 47 50 55 60 0
2 10 14 32 44 49 54 55 64 0
2 9 14 22 45 47 51 55 61 1
2 9 14 34 45 47 52 55 60 1
2 9 14 34 45 47 54 55 60 0
2 9 14 21 45 47 51 55 60 1
2 10 15 30 45 47 51 55 60 1
2 10 14 21 45 47 54 55 60 1
2 9 14 34 45 47 51 55 60 1
2 9 14 21 45 47 54 55 60 0
2 10 15 30 45 47 51 55 60 1
2 9 14 20 45 47 51 55 60 1
2 9 14 21 45 47 52 55 60 0
2 10 14 32 45 47 51 55 60 0
2 12 15 24 45 47 50 55 59 0
2 10 15 30 45 49 50 55 60 0
2 10 15 24 45 47 50 55 64 0
2 10 15 39 44 49 50 55 65 0
2 10 15 16 45 47 53 55 59 0
2 9 15 24 45 47 53 55 61 0
2 12 14 32 45 47 51 55 60 0
2 10 14 32 45 47 51 55 60 1
2 10 14 21 45 47 50 55 60 1
2 10 15 32 45 47 51 55 60 1
2 10 15 21 45 47 51 55 60 1
2 10 14 30 45 47 51 55 60 1
2 10 14 32 45 47 52 55 60 1
2 10 14 21 45 47 51 55 60 1
2 10 14 30 45 47 51 55 60 1
2 10 15 33 45 47 54 55 61 1
2 10 14 30 45 47 51 55 60 1
2 10 14 32 45 47 54 55 60 1
2 10 14 34 45 47 50 55 60 1
2 12 15 32 45 47 53 55 59 0
2 10 14 24 45 48 50 55 64 0
2 10 15 24 45 47 50 55 65 0
2 10 14 24 45 49 50 55 65 0
2 10 15 24 45 49 53 55 65 0
2 12 15 39 45 47 50 55 64 0
2 12 14 30 45 47 50 55 65 0
2 10 15 39 45 49 50 55 60 0
2 12 14 32 45 49 50 55 64 0
2 9 14 39 45 49 50 55 61 0
2 8 15 39 45 49 50 55 64 0
2 12 15 24 44 47 50 55 65 0
2 10 14 24 45 49 50 55 64 0
2 10 15 32 44 49 50 55 64 0
2 10 14 30 45 47 51 55 60 1
2 10 14 32 45 47 54 55 60 0
2 10 14 21 45 47 51 55 60 0
2 10 14 21 45 47 54 55 60 0
2 9 14 34 45 47 54 55 60 1
2 9 15 21 45 47 54 55 60 0
2 8 14 34 45 47 52 55 60 0
2 9 15 34 45 47 51 55 60 0
2 10 15 34 45 47 54 55 60 1
2 10 14 32 45 47 54 55 60 0
2 10 15 30 45 47 54 55 60 0
2 10 14 21 45 47 54 55 60 0
2 10 15 21 45 47 54 55 60 0
2 10 14 32 45 47 54 55 60 0
2 9 14 22 45 47 54 55 60 0
2 10 14 21 45 47 54 55 60 0
2 9 14 32 45 47 54 55 60 0
2 9 14 32 45 47 54 55 60 0
2 9 14 30 45 47 52 55 60 0
2 9 14 34 45 47 54 55 60 0
2 10 15 32 45 47 51 55 60 0
2 10 15 21 45 47 51 55 60 0
2 9 15 30 45 47 50 55 60 0
2 10 14 34 45 47 51 55 60 0
2 10 14 21 45 47 52 55 60 0
2 10 14 21 45 47 51 55 60 0
2 10 14 33 45 47 51 55 60 0
2 10 14 21 45 47 52 55 60 0
2 10 15 32 45 47 53 55 60 1
2 10 15 22 45 47 51 55 60 1
2 9 15 21 45 47 51 55 60 0
2 9 14 34 45 47 51 55 60 0
2 9 15 21 45 47 51 55 60 0
2 10 14 30 45 47 52 55 60 0
2 10 14 21 45 47 51 55 60 0
2 10 14 33 45 47 51 55 60 0
2 10 15 39 45 47 54 55 60 0
2 10 14 21 45 47 54 55 60 0
2 10 14 32 45 47 54 55 60 0
2 10 14 34 45 47 54 55 60 0
2 10 14 32 45 47 54 55 60 0
2 12 15 24 45 47 50 55 60 0
2 12 15 39 45 47 50 55 65 0
2 10 15 24 45 47 50 55 61 0
2 12 15 32 45 49 50 55 64 0
2 8 15 24 45 47 50 55 61 0
2 10 15 24 45 47 50 55 61 0
2 10 14 24 44 47 50 55 64 0
2 10 14 34 45 47 51 55 60 0
2 10 14 32 45 47 51 55 60 1
2 10 15 30 45 47 51 55 60 1
2 10 15 21 45 47 54 55 60 1
2 10 15 34 45 47 52 55 60 1
2 10 14 32 45 47 51 55 60 1
2 10 14 21 45 47 51 55 60 1
2 9 14 21 45 47 51 55 60 1
2 9 14 21 45 47 52 55 60 1
2 9 14 32 45 47 51 55 60 1
2 9 14 30 45 47 51 55 60 1
2 10 14 30 45 47 51 55 60 1
2 10 14 32 45 47 51 55 60 1
2 10 14 21 44 47 51 55 60 1
2 10 15 30 45 47 54 55 60 1
2 10 15 21 45 47 51 55 60 0
2 10 14 21 45 47 51 55 60 0
2 10 14 32 45 47 51 55 60 1
2 10 14 22 45 47 51 55 60 0
2 10 15 33 45 47 51 55 60 0
2 10 15 34 45 47 54 55 60 0
2 10 14 21 45 47 51 55 60 0
2 10 14 30 45 47 51 55 60 1
2 10 14 21 45 47 51 55 60 1
2 9 15 30 45 47 50 55 64 0
2 12 15 32 45 47 50 55 64 0
2 12 15 30 45 49 50 55 60 0
2 12 14 30 45 47 50 55 64 0
2 10 14 24 44 47 50 55 64 0
2 12 15 30 45 47 50 55 60 0
2 12 15 30 45 47 50 55 64 0
2 10 14 32 45 47 51 55 60 1
2 10 14 32 45 47 51 55 60 0
2 10 15 30 45 47 54 55 60 0
2 10 15 32 45 47 51 55 60 0
2 10 14 21 45 47 51 55 60 0
2 10 14 32 45 47 51 55 60 0
2 10 14 18 45 47 51 55 60 0
2 10 14 32 45 47 54 55 60 0
2 12 15 24 45 47 50 55 64 0
2 12 15 24 45 47 50 55 61 0
2 12 14 24 45 47 50 55 64 0
2 12 14 32 45 49 50 55 65 0
2 10 15 30 45 49 50 55 61 0
2 10 15 24 45 49 53 55 60 0
2 10 15 30 45 49 50 55 59 0
2 10 14 32 45 47 51 55 60 0
2 10 14 32 45 47 51 55 60 0
2 10 14 21 45 47 51 55 60 0
2 10 14 22 45 47 51 55 60 0
2 10 15 32 45 47 51 55 60 0
2 10 15 34 45 47 51 55 60 0
2 10 15 30 45 47 51 55 60 0
2 10 14 32 45 47 51 55 60 0
2 10 14 32 45 47 51 55 60 0
2 10 14 21 45 47 54 55 60 0
2 10 14 30 45 47 51 55 60 0
2 10 14 21 45 47 52 55 60 0
2 10 14 32 45 47 51 55 60 0
2 10 14 21 45 47 54 55 60 0
2 10 14 32 45 47 51 55 60 0
2 10 14 32 45 47 51 55 60 0
2 10 14 21 45 47 54 55 60 0
2 10 15 32 45 47 51 55 60 1
2 10 14 32 45 47 51 55 60 0
2 10 14 21 45 47 51 55 60 0
2 10 14 21 45 47 54 55 60 0
2 10 14 32 45 47 51 55 60 0
2 10 14 32 45 47 51 55 60 0
2 10 14 32 45 47 51 55 60 0
2 10 14 30 45 47 54 55 60 0
2 10 14 32 45 47 51 55 60 0
2 10 14 32 45 47 51 55 60 0
2 10 14 32 45 47 51 55 60 0
2 10 14 32 45 47 54 55 60 0
2 10 14 30 45 47 51 55 60 0
2 10 14 32 45 47 51 55 60 0
2 10 14 32 45 47 51 55 60 0
2 10 14 32 45 47 54 55 60 0
2 10 14 32 45 47 52 55 60 0
2 10 15 30 45 47 53 55 61 0
2 12 15 30 45 48 54 55 64 0
2 12 14 24 45 49 50 55 64 0
2 10 14 30 45 49 54 55 64 0
2 10 14 32 45 49 50 55 61 0
2 10 15 24 45 47 53 55 64 0
2 10 14 30 45 47 51 55 60 0
2 10 14 21 45 47 51 55 60 0
2 10 14 30 45 47 54 55 60 0
2 10 14 30 45 47 51 55 60 0
2 10 14 32 45 47 52 55 60 0
2 10 14 32 45 47 51 55 60 0
2 10 14 22 45 47 53 55 60 0
2 10 14 21 45 49 51 55 60 0
2 10 14 30 45 49 54 55 60 0
2 10 14 32 45 47 51 55 60 0
2 10 14 21 45 47 51 55 60 1
2 10 14 32 45 47 54 55 60 0
2 10 14 21 45 47 52 55 60 0
2 10 15 32 45 49 54 55 60 0
2 10 14 21 45 47 51 55 60 0
2 10 14 21 45 49 54 55 60 0
2 10 14 32 45 49 52 55 60 0
2 10 14 32 45 47 51 55 60 0
2 10 15 32 45 47 51 55 60 0
2 10 15 30 45 47 51 55 60 0
2 10 14 32 45 49 54 55 60 1
2 10 14 32 45 47 51 55 60 0
2 10 14 21 45 49 52 55 60 0
2 10 14 32 45 47 51 55 60 0
2 10 14 22 45 49 54 55 60 0
2 10 14 32 45 49 54 55 60 0
2 10 14 33 45 47 52 55 60 0
2 10 14 21 45 47 51 55 60 0
2 10 14 34 45 49 51 55 60 0
2 10 14 21 45 49 51 55 60 0
2 10 14 32 45 47 51 55 60 1
2 10 14 30 45 49 54 55 60 0
2 10 14 32 45 49 51 55 60 0
2 10 14 30 45 49 51 55 60 0
2 10 14 21 45 49 54 55 60 0
2 10 14 32 45 47 52 55 60 0
2 10 14 39 45 47 52 55 60 0
2 9 14 30 45 49 52 55 60 0
2 9 14 32 45 47 51 55 60 0
2 9 14 21 45 47 54 55 60 0
2 9 14 21 45 47 51 55 60 0
2 9 14 32 45 49 51 55 60 0
2 9 14 32 45 47 54 55 60 0
2 9 14 21 45 49 51 55 60 0
2 9 14 21 45 49 51 55 60 0
2 9 14 21 45 49 52 55 60 0
2 9 14 32 45 47 52 55 60 0
2 9 14 32 45 49 51 55 60 0
2 9 14 21 45 49 52 55 60 0
2 9 14 21 45 49 51 55 60 0
2 9 14 32 45 49 54 55 60 0
2 9 14 34 45 49 52 55 60 0
2 9 14 32 45 49 51 55 60 0
2 9 14 32 45 49 52 55 60 0
2 9 14 32 45 49 51 55 60 0
2 9 14 21 45 49 54 55 60 0
2 10 14 32 45 47 52 55 60 0
2 9 14 32 45 49 53 55 60 0
2 9 14 21 45 47 51 55 60 0
2 9 14 34 45 47 51 55 60 0
2 9 14 21 45 49 54 55 60 0
2 9 14 21 45 47 51 55 60 0
2 9 14 32 45 49 51 55 60 0
2 9 14 32 45 47 51 55 60 0
2 9 14 32 45 49 51 55 60 0
2 9 14 32 45 49 52 55 60 0
2 9 15 17 45 46 51 55 61 0
2 10 14 32 45 47 52 55 60 0
2 9 14 32 45 49 51 55 60 0
2 9 14 39 45 49 52 55 60 0
2 9 15 18 45 49 51 55 60 0
2 9 14 34 45 47 51 55 60 0
2 9 15 39 45 47 51 55 60 0
2 9 15 30 45 47 54 55 60 0
2 9 14 39 45 49 53 55 60 0
2 9 14 33 45 47 51 55 60 0
2 9 14 32 45 47 51 55 60 0
2 9 15 32 45 49 54 55 60 0
2 10 15 39 45 47 52 55 60 0
2 9 14 30 45 49 51 55 60 0
2 9 14 21 45 49 51 55 60 0
2 10 14 39 45 49 51 55 60 0
2 9 14 32 45 49 51 55 60 0
2 9 15 21 45 49 53 55 60 0
2 9 14 32 45 47 51 55 60 0
2 10 14 21 45 47 54 55 60 0
2 10 15 21 45 47 51 55 60 0
2 10 14 32 45 49 52 55 60 0
2 9 14 34 45 47 52 55 60 0
2 9 14 32 45 47 54 55 60 0
2 9 14 32 45 49 52 55 60 0
2 10 14 21 45 47 51 55 60 0
2 9 14 21 45 47 54 55 60 0
2 10 14 18 45 47 50 55 60 0
2 9 14 32 44 47 52 55 60 0
2 10 14 32 44 49 52 55 60 0
2 9 14 39 45 47 51 55 60 0
2 9 14 32 45 47 51 55 60 0
2 8 14 18 45 49 54 55 60 0
2 9 14 32 45 47 51 55 60 0
2 9 14 18 45 47 52 55 60 0
2 9 14 32 45 47 51 55 60 0
2 9 15 32 45 49 51 55 60 0
2 9 14 32 45 49 52 55 60 0
2 9 14 39 45 47 51 55 60 0
2 10 15 39 45 47 54 55 60 0
2 9 15 21 45 49 51 55 60 0
2 10 14 33 45 47 51 55 60 0
2 9 14 32 45 47 52 55 60 0
2 10 14 33 45 49 52 55 60 0
2 9 15 39 45 47 51 55 60 0
2 9 14 32 45 47 52 55 60 0
2 9 15 33 45 49 51 55 60 0
2 10 14 39 45 49 51 55 60 0
2 9 14 21 45 47 52 55 60 1
2 10 14 32 45 47 51 55 60 0
2 9 14 39 45 47 52 55 60 0
2 9 14 39 45 49 52 55 60 0
2 10 14 39 45 47 51 55 60 0
2 10 14 39 45 47 52 55 60 0
2 10 14 32 45 47 51 55 60 0
2 9 14 32 45 47 52 55 60 0
2 9 15 24 45 47 54 55 60 0
2 9 15 21 45 49 51 55 60 0
2 8 14 21 45 47 52 55 60 0
2 9 15 32 45 47 51 55 60 0
2 9 14 30 45 49 51 55 60 0
2 9 14 30 45 47 52 55 60 0
2 10 14 24 45 47 53 55 60 0
2 9 14 32 45 47 54 55 60 0
2 9 14 39 45 47 51 55 60 1
2 9 14 21 45 47 52 55 60 1
2 9 14 33 45 49 54 55 60 0
2 10 14 18 45 49 51 55 60 0
2 9 15 39 45 49 51 55 60 0
2 10 15 21 45 47 51 55 60 0
2 9 15 32 45 49 54 55 60 0
2 10 14 32 45 47 52 55 60 0
2 9 15 34 45 47 54 55 60 0
2 8 14 34 45 47 51 55 60 0
2 10 14 21 45 47 54 55 60 0
2 10 14 32 45 49 51 55 60 0
2 9 15 32 45 49 52 55 60 0
2 9 14 32 45 46 52 55 60 0
2 9 14 21 45 49 51 55 60 0
2 9 15 32 45 47 51 55 60 0
2 9 14 21 45 47 52 55 60 0
2 10 15 30 45 47 50 55 64 0
2 12 14 32 45 49 53 55 64 0
2 9 15 32 45 47 50 55 60 0
2 8 15 24 45 47 51 55 64 0
2 10 14 24 45 49 51 55 61 0
2 10 15 24 45 49 53 55 65 0
2 10 15 24 44 47 50 55 61 0
2 9 14 32 45 49 51 55 60 0
2 9 14 39 45 49 52 55 60 0
2 8 15 21 45 47 54 55 60 0
2 10 15 32 45 47 51 55 60 0
2 10 14 39 45 49 52 55 60 0
2 9 14 32 45 47 52 55 60 0
2 8 14 33 45 47 52 55 60 0
2 9 14 32 45 47 52 55 60 1
2 9 14 39 45 47 51 55 60 0
2 8 14 21 45 47 53 55 60 0
2 10 14 32 45 49 51 55 60 0
2 10 14 32 45 47 51 55 60 0
2 9 15 23 45 47 54 55 60 0
2 9 15 39 45 47 51 55 60 0
2 9 15 32 45 47 51 55 60 0
2 9 14 21 45 47 51 55 60 0
2 10 14 32 45 49 51 55 60 0
2 10 14 33 45 47 52 55 60 0
2 9 14 18 45 47 51 55 60 0
2 9 15 39 45 49 54 55 60 0
2 9 14 21 45 47 52 55 60 0
2 10 14 30 45 47 52 55 60 0
2 8 15 34 45 47 51 55 60 0
2 8 15 39 45 46 50 55 60 0
2 10 14 24 45 49 51 55 60 0
2 9 14 24 45 49 51 55 60 0
2 10 14 18 45 46 51 55 60 0
2 9 14 32 45 47 51 55 60 0
2 9 14 32 45 47 51 55 60 0
2 9 15 32 45 49 54 55 60 0
2 9 15 39 45 47 51 55 60 0
2 9 14 32 45 47 52 55 60 1
2 9 15 21 45 47 51 55 60 0
2 9 15 39 45 47 52 55 60 0
2 8 14 33 45 49 51 55 60 0
2 9 15 32 45 47 51 55 60 0
2 10 15 32 45 47 51 55 60 0
2 9 14 39 45 49 53 55 60 0
2 9 14 18 45 49 51 55 60 0
2 10 15 30 45 49 50 55 61 0
2 10 15 30 45 48 50 55 64 0
2 12 15 30 45 47 51 55 64 0
2 12 15 32 45 47 50 55 61 0
2 9 15 24 45 47 50 55 65 0
2 10 15 32 45 47 50 55 61 0
2 10 15 24 45 49 50 55 64 0
2 9 14 21 45 47 51 55 60 1
2 9 14 32 45 49 51 55 60 0
2 10 14 30 45 47 52 55 60 0
2 9 15 39 45 47 51 55 60 0
2 10 14 21 45 47 54 55 60 0
2 8 14 39 45 47 52 55 60 0
2 9 14 32 45 47 51 55 60 0
2 9 14 30 45 49 52 55 60 0
2 9 15 33 45 47 51 55 60 1
2 9 14 30 45 47 52 55 60 0
2 10 14 21 45 49 52 55 60 0
2 9 14 34 45 47 54 55 60 0
2 9 14 32 45 49 52 55 60 0
2 8 15 21 45 47 51 55 60 0
2 9 14 21 45 49 51 55 60 0
2 9 14 32 45 49 51 55 60 0
2 9 14 21 45 47 51 55 60 1
2 9 14 39 45 49 52 55 60 0
2 9 15 30 45 49 51 55 60 0
2 9 15 32 45 47 51 55 60 0
2 9 15 33 45 47 51 55 60 0
2 9 15 39 45 49 51 55 60 0
2 10 15 33 45 47 52 55 60 0
2 9 14 39 45 47 51 55 60 0
2 9 15 21 45 47 51 55 60 1
2 8 14 33 45 49 51 55 60 0
2 9 14 18 45 47 52 55 60 0
2 9 14 21 45 47 52 55 60 0
2 10 14 39 45 49 51 55 60 0
2 9 14 21 45 47 51 55 60 0
2 9 15 39 45 47 54 55 60 0
2 9 15 21 45 49 51 55 60 0
2 9 15 39 45 47 51 55 60 1
2 9 14 39 45 47 53 55 60 0
2 10 15 39 45 47 52 55 60 0
2 9 14 21 45 47 52 55 60 0
2 9 14 39 45 47 51 55 60 0
2 9 14 34 45 49 51 55 60 0
2 9 15 32 45 47 52 55 60 0
2 8 15 21 45 47 52 55 60 0
2 9 14 39 45 47 52 55 60 1
2 9 14 21 45 49 51 55 60 0
2 10 14 18 45 49 52 55 60 0
2 10 14 34 45 47 52 55 60 0
2 9 15 33 45 49 51 55 60 0
2 10 14 39 45 47 51 55 60 0
2 9 15 30 45 49 54 55 60 0
2 10 15 33 45 47 51 55 60 0
2 9 15 32 45 47 53 55 60 1
2 9 14 21 45 49 51 55 60 0
2 9 14 21 45 47 52 55 60 0
2 8 14 32 45 49 52 55 60 0
2 9 15 21 45 47 52 55 60 0
2 9 15 21 45 47 51 55 60 0
2 9 14 39 45 49 51 55 60 0
2 9 15 21 45 49 54 55 60 0
2 9 14 21 45 47 51 55 60 1
2 9 15 23 45 49 51 55 60 0
2 10 15 32 45 47 53 55 60 0
2 9 15 30 45 47 52 55 60 0
2 9 14 34 45 49 52 55 60 0
2 8 15 23 45 47 52 55 60 0
2 9 15 39 45 49 51 55 60 0
2 9 14 39 45 47 51 55 60 0
2 9 14 39 45 49 51 55 60 1
2 9 14 30 45 47 52 55 60 0
2 9 15 39 45 49 51 55 60 0
2 9 15 33 45 47 52 55 60 0
2 9 14 33 45 49 51 55 60 0
2 9 15 39 45 47 51 55 60 0
2 9 14 39 45 49 51 55 60 0
2 9 14 32 45 49 51 55 60 0
2 9 14 21 45 47 51 55 60 1
2 9 14 39 45 47 52 55 60 0
2 10 14 30 45 47 54 55 60 0
2 9 14 32 45 49 51 55 60 0
2 9 15 30 45 49 51 55 60 0
2 9 14 21 45 47 52 55 60 0
2 9 14 32 45 49 51 55 60 0
2 9 15 32 45 47 51 55 60 0
2 9 14 39 45 47 51 55 60 1
2 10 15 21 45 47 51 55 60 0
2 9 15 21 45 49 51 55 60 0
2 9 15 39 45 49 51 55 60 0
2 9 15 32 45 47 52 55 60 0
2 9 15 32 45 47 51 55 60 0
2 9 15 39 45 47 51 55 60 0
2 9 14 39 45 49 51 55 60 0
2 9 14 21 45 47 51 55 60 1
2 9 14 39 45 47 51 55 61 1
2 9 14 30 45 49 51 55 60 1
2 9 14 30 45 49 51 55 61 1
2 9 14 39 45 47 51 55 60 1
2 9 14 32 45 47 51 55 60 1
2 9 14 39 45 49 51 55 60 1
2 9 14 39 45 49 51 55 60 1
2 9 14 30 45 47 51 55 60 1
2 9 14 39 45 49 51 55 60 1
2 9 14 39 45 47 51 55 60 0
2 9 14 39 45 47 51 55 60 0
2 9 15 21 45 47 51 55 61 0
2 10 14 32 45 49 51 55 61 0
2 9 15 32 45 47 51 55 60 0
2 9 14 32 45 47 51 55 60 0
2 9 15 21 45 47 51 55 60 1
2 9 15 39 45 49 54 55 60 0
2 9 14 39 45 47 52 55 60 0
2 9 14 21 45 49 51 55 60 0
2 9 15 21 45 49 51 55 60 0
2 9 14 30 45 47 52 55 60 0
2 9 14 32 45 47 52 55 60 0
2 9 14 32 45 47 51 55 60 0
2 9 14 39 45 47 51 55 60 1
2 8 14 21 45 47 52 55 60 0
2 9 14 39 45 49 52 55 60 0
2 10 15 39 45 47 51 55 60 0
2 9 15 32 45 47 52 55 60 0
2 10 14 39 45 49 52 55 60 0
2 9 14 39 45 49 51 55 60 0
2 9 14 22 45 47 51 55 60 0
2 10 15 24 45 47 54 55 64 0
2 10 15 32 45 49 50 55 61 0
2 10 15 32 45 49 50 55 60 0
2 9 14 22 45 47 54 55 61 0
2 10 15 32 45 47 51 55 61 0
2 10 15 24 45 46 53 55 64 0
2 10 15 24 45 47 50 55 61 0
3 12 14 19 45 49 54 56 60 0
3 12 15 37 45 49 51 56 60 1
2 12 15 31 45 49 51 55 61 0
2 9 15 18 45 47 51 55 60 0
2 9 14 33 45 47 51 55 60 0
2 9 14 21 45 47 51 55 60 0
2 9 14 20 45 47 51 55 60 0
2 9 15 34 45 47 54 55 60 0
2 9 14 34 45 47 52 55 60 0
2 9 14 18 45 49 51 55 60 0
2 9 14 18 45 47 51 55 60 0
2 9 14 39 45 49 51 55 60 0
2 9 14 18 45 47 52 55 60 0
2 9 14 21 45 47 51 55 60 0
2 9 14 21 45 49 51 55 60 0
2 9 14 32 45 49 51 55 60 0
2 9 15 21 45 49 54 55 60 0
2 9 14 21 45 49 52 55 60 0
2 9 15 34 45 47 51 55 60 0
2 9 14 33 45 47 51 55 60 0
2 9 14 21 45 49 51 55 60 0
2 9 15 34 45 49 54 55 60 0
2 9 14 33 45 49 51 55 60 0
2 9 14 18 45 47 54 55 60 0
2 9 14 34 45 49 51 55 60 0
2 10 14 34 45 49 51 55 60 0
2 9 14 21 45 49 54 55 60 0
2 9 14 33 45 49 51 55 60 0
2 9 14 21 45 49 51 55 60 0
2 9 14 21 45 47 51 55 60 0
2 10 14 33 45 47 51 55 60 0
2 9 14 21 45 49 51 55 60 0
2 9 14 21 45 47 54 55 60 0
2 9 14 34 45 47 51 55 60 0
2 9 14 21 45 49 51 55 60 0
2 9 14 21 45 47 54 55 60 0
2 9 14 21 45 47 51 55 60 0
2 9 14 21 45 49 51 55 60 0
2 9 14 34 45 49 51 55 60 0
2 9 14 21 45 47 51 55 60 0
2 9 15 18 45 49 51 55 60 0
2 9 14 21 45 47 51 55 60 0
2 9 14 34 45 49 51 55 60 0
2 9 14 21 45 47 52 55 60 0
2 9 14 21 45 49 54 55 60 0
2 9 15 18 45 49 54 55 60 0
2 9 14 34 45 49 51 55 60 0
2 9 14 21 45 49 52 55 60 0
2 10 15 18 45 49 52 55 60 0
2 10 14 34 45 47 54 55 60 0
2 10 14 34 45 47 51 55 60 0
2 9 14 21 45 49 51 55 60 0
2 9 14 17 45 46 51 55 64 0
2 9 14 34 45 47 54 55 60 0
2 9 14 18 45 49 51 55 60 0
2 9 15 21 45 47 51 55 60 0
2 9 15 18 45 49 51 55 60 0
2 9 15 18 45 47 51 55 60 0
2 9 15 21 45 49 51 55 60 0
2 9 14 34 45 49 51 55 60 0
2 9 14 18 45 47 51 55 60 0
2 9 15 21 45 49 54 55 60 0
2 9 14 21 45 49 51 55 60 0
2 9 14 18 45 49 51 55 60 0
2 9 15 34 45 47 52 55 60 0
2 9 15 18 45 47 51 55 61 0
2 9 14 21 45 47 51 55 60 0
2 9 14 39 45 47 52 55 61 0
2 9 14 34 45 49 51 55 60 0
2 9 14 21 45 49 52 55 60 0
2 10 14 18 45 47 52 55 60 0
2 9 14 39 45 47 51 55 60 0
2 9 15 18 45 49 51 55 60 0
2 9 14 34 45 49 51 55 60 0
2 9 15 34 45 49 54 55 60 0
2 9 14 34 45 47 52 55 61 0
2 8 14 21 45 47 51 55 61 0
2 10 14 18 45 49 51 55 60 0
2 10 14 18 45 49 51 55 60 0
2 9 14 21 45 49 51 55 60 0
2 9 15 18 45 47 51 55 60 0
2 9 14 34 45 47 52 55 60 0
2 9 14 21 45 47 51 55 60 0
2 9 14 18 45 47 52 55 60 0
2 8 15 21 45 49 51 55 60 0
2 10 14 18 45 47 52 55 60 0
2 10 15 21 45 47 51 55 60 0
2 10 14 21 45 49 51 55 60 0
2 9 14 21 45 47 52 55 60 0
2 9 14 21 45 49 51 55 60 0
2 9 14 18 45 47 51 55 60 0
2 9 15 18 45 49 51 55 60 0
2 9 15 18 45 49 51 55 60 0
2 9 14 21 45 47 51 55 60 0
2 9 14 21 45 47 52 55 60 0
2 10 14 21 45 49 51 55 60 0
2 10 14 18 45 47 51 55 60 0
2 10 14 21 45 47 52 55 60 0
2 9 14 18 45 49 51 55 60 0
2 10 14 21 45 49 51 55 60 0
2 10 14 21 45 47 52 55 60 0
2 9 14 34 45 47 51 55 60 0
2 8 14 18 45 49 51 55 60 0
2 9 14 34 45 49 51 55 60 0
2 10 14 21 45 49 51 55 60 0
2 10 14 32 45 47 50 55 65 0
2 10 15 24 45 49 53 55 64 0
2 10 15 32 45 47 50 55 61 0
2 10 15 24 45 49 50 55 64 0
2 10 15 39 45 49 50 55 65 0
2 10 15 24 45 49 50 55 61 0
2 12 15 24 45 49 50 55 59 0
2 10 15 30 45 49 50 55 65 0
2 12 15 32 45 49 50 55 60 0
2 9 15 24 45 47 50 55 61 0
2 9 15 24 45 49 50 55 61 0
2 12 15 32 45 47 50 55 65 0
2 12 15 30 45 49 50 55 61 0
2 10 15 32 45 49 50 55 64 0
2 12 15 24 45 47 50 55 64 0
2 12 15 24 45 49 50 55 59 0
2 12 15 32 45 47 50 55 64 0
2 9 14 18 45 49 51 55 60 0
2 9 14 18 45 47 51 55 60 0
2 9 15 21 45 49 54 55 61 0
2 9 14 18 45 47 51 55 60 0
2 9 14 34 45 47 51 55 60 0
2 9 14 21 45 49 51 55 60 0
2 9 14 18 45 47 52 55 60 0
2 9 14 21 45 47 51 55 60 0
2 9 14 18 45 47 51 55 60 0
2 9 14 18 45 47 51 55 60 0
2 9 14 18 45 47 51 55 60 0
2 9 14 18 45 49 52 55 60 0
2 10 14 21 45 49 51 55 60 0
2 9 15 18 45 47 52 55 60 0
2 9 14 21 45 47 51 55 60 0
2 9 14 21 45 49 52 55 60 0
2 9 14 18 45 47 54 55 60 0
2 9 14 33 45 47 51 55 60 0
2 9 15 21 45 47 51 55 60 0
2 9 14 21 45 47 52 55 60 0
2 9 14 21 45 47 51 55 60 0
2 10 14 21 45 47 51 55 60 0
2 9 14 18 45 47 52 55 60 0
2 9 14 18 45 49 51 55 60 0
2 9 14 34 45 47 52 55 60 0
2 9 14 18 45 49 51 55 60 0
2 9 15 21 45 47 51 55 60 0
2 10 14 21 45 47 51 55 60 0
2 9 14 21 45 49 51 55 60 0
2 9 14 18 45 47 51 55 60 0
2 9 14 21 45 47 52 55 60 0
2 9 14 34 45 47 54 55 60 0
2 9 15 21 45 47 51 55 60 0
2 9 14 34 45 49 54 55 60 0
2 9 14 34 45 49 54 55 60 0
2 9 14 18 45 49 51 55 60 0
2 9 14 21 45 49 51 55 60 0
2 9 14 21 45 49 51 55 60 0
2 9 14 18 45 47 52 55 60 0
2 9 14 21 45 47 51 55 60 0
2 9 14 21 45 49 52 55 60 0
2 9 14 18 45 47 52 55 60 0
2 9 14 21 45 47 51 55 60 0
2 9 15 21 45 49 54 55 60 0
2 9 15 21 45 47 54 55 60 0
2 9 14 21 45 49 51 55 60 0
2 9 15 34 45 47 52 55 60 0
2 9 14 18 45 47 51 55 60 0
2 12 15 24 45 47 50 55 59 0
2 12 15 32 45 49 53 55 65 0
2 12 15 39 45 47 50 55 65 0
2 10 15 24 45 47 54 55 65 0
2 12 14 24 45 47 50 55 64 0
2 9 15 24 45 49 50 55 64 0
2 9 15 32 45 49 53 55 61 0
2 9 14 18 45 49 54 55 60 0
2 9 14 18 45 47 51 55 60 0
2 9 14 21 45 49 51 55 60 0
2 9 14 18 45 49 51 55 60 0
2 9 14 18 45 47 52 55 60 0
2 9 14 33 45 49 54 55 60 0
2 9 14 21 45 47 52 55 60 0
2 9 14 34 45 47 52 55 60 0
2 9 15 18 45 47 51 55 60 0
2 9 14 34 45 49 51 55 60 0
2 9 14 18 45 47 52 55 60 0
2 9 14 34 45 49 54 55 60 0
2 9 14 21 45 47 51 55 60 0
2 9 14 18 45 49 52 55 60 0
2 8 14 32 45 47 50 55 64 0
2 12 14 24 45 49 50 55 64 0
2 10 15 30 45 47 53 55 64 0
2 10 15 30 45 47 50 55 64 0
2 10 15 32 45 49 50 55 61 0
2 12 15 39 45 48 50 55 64 0
2 9 14 22 45 49 50 55 64 0
2 9 14 39 45 49 54 55 60 0
2 9 15 18 45 47 51 55 60 0
2 9 14 21 45 49 51 55 60 0
2 8 14 21 45 47 52 55 60 0
2 9 15 18 45 47 54 55 60 0
2 10 14 16 45 49 52 55 60 0
2 9 15 18 45 49 54 55 60 0
2 9 14 34 45 47 52 55 60 0
2 9 14 18 45 49 54 55 60 0
2 9 14 18 45 49 51 55 60 0
2 9 14 39 45 49 51 55 60 0
2 8 15 18 45 47 51 55 60 0
2 8 14 18 45 47 52 55 60 0
2 8 14 18 45 47 54 55 60 0
2 9 14 18 45 47 54 55 60 0
2 9 14 18 45 49 51 55 60 0
2 9 15 18 45 49 51 55 60 0
2 9 14 33 45 49 54 55 60 0
2 9 15 33 45 47 52 55 60 0
2 10 15 18 45 49 54 55 60 0
2 10 14 22 45 47 51 55 60 0
2 9 15 18 45 47 52 55 60 0
2 9 14 18 45 47 51 55 60 0
2 9 15 34 45 47 51 55 60 0
2 9 14 18 45 47 51 55 60 0
2 8 14 21 45 47 54 55 60 0
2 9 14 21 45 47 52 55 60 0
2 9 14 34 45 47 52 55 60 0
2 9 15 18 45 47 52 55 60 0
2 10 15 34 45 49 51 55 60 0
2 9 15 18 45 49 51 55 60 0
2 9 14 18 45 49 54 55 60 0
2 9 14 18 45 47 51 55 60 0
2 9 14 21 45 47 52 55 60 0
2 9 14 18 45 49 54 55 60 0
2 10 14 18 45 49 52 55 60 0
2 9 15 21 45 47 52 55 60 0
2 9 14 18 45 47 52 55 60 0
2 9 15 34 45 49 51 55 60 0
2 8 14 34 45 47 54 55 60 0
2 9 14 18 45 49 51 55 60 0
2 9 14 18 45 49 54 55 60 0
2 9 14 21 45 47 54 55 60 0
2 9 14 18 45 49 54 55 60 0
2 9 14 18 45 47 51 55 60 0
2 9 15 18 45 49 52 55 60 0
2 9 14 21 45 49 51 55 60 0
2 9 15 21 45 47 54 55 60 0
2 9 14 18 45 47 52 55 60 0
2 9 14 21 45 49 51 55 60 0
2 9 14 18 45 47 54 55 60 0
2 9 14 34 45 47 51 55 60 0
2 9 14 21 45 49 54 55 60 0
2 9 14 18 45 49 52 55 60 0
2 8 14 21 45 47 51 55 60 0
2 9 14 18 45 47 51 55 60 0
2 9 14 18 45 47 52 55 60 0
2 9 14 18 45 49 51 55 60 0
2 9 15 21 45 49 54 55 60 0
2 9 14 21 45 49 51 55 60 0
2 9 15 18 45 47 54 55 60 0
2 9 14 21 45 49 52 55 60 0
2 9 15 34 45 49 51 55 60 0
2 9 15 18 45 47 52 55 60 0
2 9 15 18 45 49 54 55 60 0
2 9 14 18 45 49 52 55 59 0
2 9 14 21 45 47 54 55 60 0
2 9 14 21 45 49 51 55 60 0
2 9 15 21 45 47 52 55 60 0
2 9 14 21 45 49 51 55 60 0
2 9 14 18 45 47 51 55 60 0
2 9 14 18 45 49 54 55 60 0
2 9 14 18 45 47 51 55 60 0
2 9 14 18 45 49 51 55 60 0
2 9 14 21 45 49 54 55 60 0
2 9 14 18 45 47 51 55 60 0
2 9 14 18 45 47 51 55 60 0
2 9 14 33 45 47 52 55 60 0
2 9 15 18 45 47 52 55 60 0
2 9 14 21 45 49 51 55 60 0
2 9 14 21 45 47 52 55 60 0
2 9 14 18 45 49 51 55 60 0
2 9 15 18 44 47 52 55 60 0
2 9 14 18 45 47 51 55 60 0
2 9 14 21 45 47 51 55 60 0
2 9 15 18 45 49 54 55 60 0
2 9 15 18 45 49 52 55 60 0
2 9 14 18 45 47 54 55 60 0
2 9 14 21 45 47 52 55 60 0
2 9 14 21 45 49 51 55 60 0
2 9 14 21 45 47 54 55 60 0
2 9 14 18 45 47 54 55 60 0
2 9 14 18 45 47 52 55 60 0
2 9 14 18 45 47 52 55 60 0
2 9 14 18 45 49 51 55 60 0
2 9 14 21 45 47 54 55 60 0
2 9 14 18 45 49 54 55 60 0
2 9 15 21 45 46 52 55 60 0
2 9 14 21 45 47 52 55 60 0
2 9 15 21 45 47 51 55 60 0
2 9 15 21 45 49 51 55 60 0
2 9 14 18 45 49 54 55 60 0
2 9 14 18 45 47 51 55 60 0
2 9 14 33 45 47 51 55 60 0
2 9 14 21 45 47 54 55 60 0
2 9 14 18 45 47 52 55 60 0
2 9 14 18 45 49 51 55 60 0
2 10 14 34 45 49 51 55 60 0
2 8 15 21 45 47 51 55 60 0
2 8 14 18 45 47 51 55 60 0
2 9 14 18 45 49 52 55 60 0
2 9 14 21 45 49 54 55 60 0
2 9 14 33 45 47 52 55 60 0
2 9 14 21 45 49 52 55 60 0
2 9 14 18 45 47 52 55 60 0
2 9 14 18 45 47 54 55 60 0
2 9 14 18 45 49 51 55 60 0
2 9 14 21 45 47 52 55 60 0
2 9 14 18 45 49 51 55 60 0
2 10 14 21 45 47 52 55 60 0
2 9 15 21 45 49 51 55 60 0
2 9 14 21 45 47 52 55 60 0
2 9 14 18 45 47 51 55 60 0
2 10 14 39 45 49 51 55 60 0
2 9 14 21 45 49 54 55 60 0
2 8 14 18 45 47 52 55 60 0
2 9 15 18 45 47 51 55 60 0
2 9 14 18 45 47 51 55 60 0
2 9 14 34 45 47 52 55 60 0
2 9 14 33 45 49 54 55 60 0
2 9 15 39 45 47 52 55 60 0
2 9 14 39 45 47 51 55 60 0
2 9 14 21 45 49 54 55 60 0
2 9 14 33 45 49 51 55 60 0
2 9 15 21 45 47 51 55 60 0
2 9 14 18 45 49 51 55 60 0
2 10 15 21 45 49 54 55 60 0
2 9 15 18 45 47 52 55 60 0
2 9 14 33 45 47 52 55 60 0
2 9 14 21 45 47 51 55 60 0
2 9 15 33 45 47 54 55 60 0
2 9 14 18 45 47 52 55 60 1
2 9 14 21 45 47 51 55 60 0
2 9 14 18 45 49 51 55 60 0
2 10 14 33 45 49 54 55 60 0
2 9 14 39 45 47 51 55 60 0
2 9 15 34 45 49 54 55 60 0
2 9 14 18 45 49 51 55 60 0
2 10 15 33 45 47 54 55 60 0
2 8 14 18 45 49 52 55 60 0
2 9 15 18 45 49 52 55 60 0
2 9 14 18 45 49 51 55 60 0
2 9 14 39 45 47 52 55 60 0
2 9 15 18 45 49 51 55 60 0
2 9 14 21 45 47 51 55 60 0
2 9 15 18 45 47 54 55 60 0
2 9 14 21 45 49 51 55 60 0
2 9 15 21 45 47 52 55 60 0
2 9 14 33 45 49 51 55 60 0
2 9 14 33 45 47 51 55 60 0
2 9 15 21 45 49 54 55 60 0
2 9 14 21 45 47 51 55 60 0
2 9 14 21 45 47 51 55 60 0
2 8 14 21 45 47 51 55 60 0
2 9 14 18 45 47 51 55 60 0
2 10 14 39 45 49 51 55 60 0
2 10 15 39 45 47 51 55 60 0
2 9 15 39 45 49 51 55 60 0
2 9 14 34 45 47 51 55 60 0
2 9 15 18 45 49 54 55 60 0
