239 1969840
736 1406781
1135 1411315
1217 1833696
1562 1357775
1781 1279911
2132 1273011
2557 1164226
2663 1650596
3201 1048882
3405 511490
3475 1517539
3586 1049453
4484 1120063
4889 419119
5028 289924
5029 197235
5212 279
5217 4
5228 1
5229 2
5231 2
5235 96798
5255 160563
5337 2
5338 1
5343 2
5378 2
5389 7
5916 57569
6168 362845
6677 56276
6678 234734
6679 1
6680 1
6681 53195
6682 1
6684 53121
6692 438166
6693 483900
6695 483889
6696 538633
6700 2
6701 10
6702 2
6708 325215
6709 1
6711 443162
6716 10
6717 1
6729 5
6733 24
6735 1
6736 1
6740 1
6741 2
6742 2
6750 8
6762 1
6766 6
6769 15
6770 55706
6775 5
6781 7
6782 41621
6785 32235
6786 4
6792 6
6794 50293
6795 50304
6797 164154
6808 45103
6810 33
6814 289643
6817 2
6824 14
6827 8
6838 1
6844 4
6860 3
6861 3
6862 2
6865 8
6867 16
6874 3
6876 125176
6878 226124
6880 3427
6883 53206
6888 212795
6897 5
6902 5
6905 209819
6911 62246
6912 201495
6919 20
6920 19
6921 39927
6924 5
6926 7
6930 24
6933 1375
6934 5
6935 3
6937 188872
6938 14
6939 118351
6940 50366
6942 185356
6943 4
6946 182914
6947 45148
6949 2
6953 6
6954 129415
6955 7
6956 102403
6962 5
6963 10
6970 4
6972 5
6975 4
6983 4
6984 196616
6985 6
6986 142198
6987 3
6988 142036
6994 132220
6995 7
6996 139684
6997 141391
7003 4
7004 4
7005 4
7017 117507
7019 18
7038 109713
7060 3
7065 7
7066 126383
7067 3
7068 90026
7069 282592
7071 70484
7072 4
7073 3
7074 44870
7075 44692
7076 44682
7077 44682
7078 4
7079 44767
7080 48770
7081 44687
7082 45068
7083 45025
7084 45020
7085 44731
7086 44723
7087 52854
7088 110803
7092 44956
7093 44846
7094 44824
7095 44665
7096 44642
7097 45200
7099 2
7100 44647
7101 46003
7102 278900
7103 44838
7104 45426
7105 46048
7106 51211
7107 49929
7108 47267
7109 5
7110 71699
7111 71670
7112 71596
7113 71569
7114 364
7116 70349
7117 70358
7118 70281
7119 70260
7120 138516
7121 66355
7122 67409
7123 70511
7124 66050
7125 246995
7126 70171
7128 114719
7132 113494
7133 66383
7135 98962
7136 96025
7137 92241
7138 90374
7139 86263
7140 80011
7141 78986
7142 78848
7145 75830
7146 74861
7147 109408
7149 70418
7150 69160
7151 5
7152 68159
7153 67556
7154 67499
7155 66090
7157 63580
7158 63432
7159 63235
7161 62977
7162 51818
7163 50168
7164 49820
7165 49789
7166 48399
7167 48376
7168 4
7169 1689
7170 108018
7171 135332
7172 108008
7173 241390
7174 241376
7175 134079
7176 123690
7177 5
7178 134458
7179 135064
7180 4
7181 241190
7182 241183
7183 242881
7184 146337
7185 146349
7186 145336
7187 237177
7188 145314
7189 237168
7190 420248
7191 239637
7192 100561
7194 143957
7195 235786
7197 370105
7198 368405
7199 145043
7200 370089
7201 145059
7202 164433
7203 9
7204 147188
7205 147824
7206 235323
7207 3
7208 368630
7209 368628
7210 163516
7211 163541
7212 166538
7218 169727
7219 169785
7220 234028
7221 466155
7222 466147
7223 171223
7224 466132
7225 2
7226 171313
7227 176677
7229 176884
7230 232522
7231 182689
7232 2
7233 2
7234 1
7235 183260
7236 184420
7237 33
7238 2
7239 2
7240 2
7241 187545
7242 187935
7243 189451
7244 205263
7245 206093
7246 229471
7247 209627
7248 212478
7249 217017
7250 217040
7251 241062
7252 275434
7253 275473
7254 275475
7255 63176
7256 2
7257 2
7258 2
7259 1
7260 2
7261 2
7262 2
7263 2
7264 2
7265 2
7266 5
7269 279422
7270 282316
7271 282313
7272 2
7273 1
7274 2
7275 1
7276 2
7278 6
7279 5
7280 2
7281 290759
7282 305117
7283 1
7284 2
7285 2
7286 6
7287 2
7288 2
7291 1
7292 1
7293 2
7294 3
7295 6
7296 1486
7297 2
7298 222223
7299 2
7300 3
7301 2
7302 16
7303 2
7304 29376
7305 3
7307 3
7308 3
7309 326804
7310 326804
7311 6
7313 9
7321 5
7323 3707
7324 96924
7325 5
7326 342844
7332 2
7333 2
7334 2
7335 1
7336 2
7337 1
7338 1
7340 112295
7341 201271
7343 8486
7346 4
7349 3
7350 2
7351 2
7352 2
7353 1
7354 2
7355 1
7356 2
7357 2
7358 2
7359 2
7360 1
7361 2
7362 2
7363 2
7364 2
7365 1
7367 1
7368 2
7369 2
7370 1
7371 2
7372 2
7373 340047
7374 2
7375 2
7376 1
7377 1
7378 1
7379 1
7380 2
7381 2
7383 2
7384 2
7385 2
7386 1
7387 1
7388 2
7389 3
7390 379027
7391 338669
7392 2
7393 2
7394 10
7396 2
7397 5
7403 11072
7415 6
7416 7
7417 7431
7418 27508
7419 4
7420 2
7422 1
7423 1
7424 1
7425 2
7426 1
7427 2
7428 2
7429 2
7430 1
7432 1
7433 1
7434 1
7435 1
7436 1
7437 2
7438 2
7439 1
7440 2
7441 1
7442 1
7443 2
7444 1
7445 1
7446 2
7447 1
7448 1
7449 1
7450 1
7451 1
7452 2
7453 2
7454 2
7455 2
7456 2
7457 2
7458 2
7460 2
7461 2
7462 1
7463 2
7464 1
7465 378861
7466 378860
7467 378859
7468 2
7469 2
7471 1468
7473 1
7474 1
7475 1
7476 377253
7477 377252
7478 377251
7480 2
7481 2
7482 2
7483 1
7484 1
7485 2
7488 1
7489 1
7490 1
7491 1
7492 2
7493 1
7494 1
7495 283701
7496 1
7497 1
7498 2
7499 1
7500 18
7501 18
7506 1
7507 1
7508 1
7509 2
7510 2
7511 1
7513 2
7514 2
7515 1
7516 2
7517 1
7518 2
7520 2
7521 2
7522 1
7523 2
7524 2
7525 1
7528 139
7529 1
7530 1
7531 2
7532 2
7533 2
7534 122853
7535 3
7536 3
7537 5
7543 4
7544 16
7546 1
7547 1
7548 1
7549 2
7550 301520
7551 310927
7553 4
7554 8
7556 4
7557 240669
7560 5
7561 140328
7562 262029
7564 30
7567 101603
7570 8
7572 264919
7573 2
7574 57191
7575 3
7577 97788
7579 7
7580 1
7581 1
7582 1
7583 1
7584 1
7585 1
7586 300744
7587 291338
7588 300742
7589 5
7590 109944
7591 12
7592 54607
7593 3
7596 110799
7597 14
7598 5
7599 104472
7602 15
7604 4
7605 4
7608 6
7610 7
7611 4
7613 15
7616 12
7617 3
7618 4
7620 3
7621 17
7622 2
7623 1
7624 6
7630 1
7631 1
7632 2
7633 234763
7634 2
7635 2
7636 1
7637 1
7638 1
7639 1
7640 1
7641 1
7643 4
7648 80448
7654 3
7655 2
7656 1
7657 1
7658 1
7659 1
7660 1
7661 1
7662 1
7663 2
7664 229255
7665 263066
7666 303165
7668 2
7669 10
7670 85935
7671 15725
7676 2
7677 2
7678 1
7679 1
7681 2
7682 1
7683 1
7684 1
7685 2
7686 1
7687 2
7688 2
7689 2
7690 2
7691 1
7692 1
7693 1
7694 1
7695 2
7696 2
7697 1
7698 1
7699 1
7700 2
7701 1
7702 2
7703 2
7704 1
7706 2
7707 1
7708 1
7709 2
7710 1
7711 2
7712 2
7713 4
7714 2
7715 1
7716 2
7717 1
7718 1
7719 1
7720 2
7721 1
7722 1
7725 10
7726 2
7727 1
7728 1
7729 1
7730 1
7731 10
7732 3
7733 50661
7734 5
7735 7
7737 61394
7738 5
7740 193171
7741 14
7744 106943
7745 44811
7746 44795
7747 106857
7748 106857
7749 106825
7750 44765
7751 96348
7753 137503
7754 103378
7755 103376
7756 120965
7757 2
7758 103365
7759 101830
7760 101829
7761 45211
7762 52134
7763 103429
7764 103420
7765 54285
7766 103390
7767 45170
7768 45250
7769 57005
7770 53307
7771 2
7772 4
7773 5
7775 4
7780 50057
7782 73
7783 53326
7793 1
7794 1
7795 1
7796 1
7797 2
7798 2
7799 1
7801 48862
7802 48863
7804 93323
7805 2
7806 88960
7807 2
7808 2
7809 2
7810 1
7811 1
7812 1
7813 1
7815 87634
7816 2
7817 2
7818 2
7819 2
7820 2
7821 2
7822 2
7823 2
7824 91985
7827 109673
7828 6
7829 2
7832 2
7833 2
7834 1
7835 1
7836 2
7837 1
7838 2
7839 2
7840 4
7841 2
7842 2
7843 2
7844 1
7845 2
7847 1
7848 1
7849 1
7850 2
7851 2
7852 2
7853 2
7854 109491
7855 1
7856 2
7857 1
7858 1
7859 2
7860 1
7863 29505
7864 78016
7865 1
7866 130915
7867 94678
7868 128230
7869 130898
7870 99683
7871 1
7872 99831
7873 99603
7874 163764
7875 254875
7876 2
7877 2
7878 1
7879 1
7880 2
7881 1
7882 94346
7883 267843
7884 129580
7885 129576
7886 93328
7887 129562
7888 129561
7889 129561
7890 129577
7891 124287
7892 125536
7893 129542
7894 1
7895 1
7896 1
7897 1
7898 2
7899 1
7900 2
7907 1
7908 2
7909 2
7910 1
7911 1
7912 2
7913 2
7914 90858
7915 90856
7916 73520
7917 2
7918 90848
7919 1
7920 73508
7921 73504
7923 2
7924 2
7925 2
7926 71761
7927 71758
7928 2
7929 2
7930 2
7931 71746
7932 71741
7933 71739
7934 71736
7935 71731
7936 71727
7937 71725
7938 71720
7939 71716
7940 71714
7941 71693
7942 71691
7943 133709
7944 120242
7945 71681
7946 71678
7947 71671
7948 105808
7949 105805
7950 105797
7951 105798
7952 105793
7953 105787
7954 105783
7955 71693
7956 1
7957 2
7958 1
7959 1
7960 1
7961 2
7962 1
7966 103221
7967 140677
7968 100160
7969 100195
7970 95815
7971 95814
7972 95813
7973 95816
7974 95810
7975 95806
7976 95803
7977 86393
7978 86628
7979 86386
7980 86388
7981 69063
7982 1
7983 86377
7984 2
7985 69046
7986 69048
7987 69046
7988 86362
7989 67431
7991 1
7992 1
7993 1
7994 1
7995 2
7996 1
7997 1
7998 138976
7999 68179
8000 2
8001 2
8002 2
8003 2
8004 2
8005 68079
8006 210395
8007 2
8008 2
8009 1
8010 1
8011 1
8012 1
8014 2
8015 2
8016 2
8017 2
8018 2
8019 2
8020 2
8021 1
8022 2
8023 2
8024 1
8025 2
8026 2
8027 2
8028 2
8029 2
8030 1
8031 64452
8032 2
8033 2
8034 66108
8035 2
8036 2
8037 2
8038 2
8039 2
8040 2
8041 2
8042 2
8043 2
8045 1
8046 1
8047 2
8048 2
8050 1
8051 1
8052 2
8053 1
8054 1
8055 1
8056 2
8058 1
8059 2
8060 2
8061 2
8062 2
8063 2
8064 2
8065 2
8066 2
8067 60208
8068 2
8069 1
8070 1
8071 1
8072 3
8073 1
8074 2
8075 1
8076 2
8077 60178
8078 1
8079 2
8080 1
8081 1
8082 2
8083 2
8084 2
8085 1
8086 2
8087 60147
8088 1
8089 2
8090 1
8091 2
8092 2
8093 1
8097 1
8098 2
8099 2
8100 2
8101 2
8102 2
8103 1
8104 2
8105 2
8106 2
8107 2
8108 1
8109 2
8110 1
8111 1
8112 2
8113 1
8114 1
8115 2
8116 1
8117 2
8118 1
8119 1
8120 2
8121 2
8122 1
8123 2
8124 1
8125 2
8127 81927
8137 2
8138 2
8139 2
8140 1
8141 1
8142 2
8143 2
8144 1
8145 2
8146 2
8147 2
8148 1
8149 1
8150 1
8151 1
8152 2
8153 2
8154 2
8155 2
8156 2
8157 2
8158 1
8159 1
8160 1
8161 1
8162 1
8163 2
8164 2
8165 56237
8166 2
8167 2
8168 2
8169 1
8170 56225
8171 2
8172 1
8173 2
8174 1
8175 2
8176 2
8177 1
8178 1
8179 2
8180 2
8181 2
8182 1
8183 1
8184 53257
8185 2
8186 2
8187 2
8188 2
8189 2
8190 1
8191 2
8192 1
8193 2
8194 2
8195 1
8196 1
8197 2
8198 2
8199 1
8200 124941
8201 124936
8202 1
8203 1
8204 2
8205 2
8206 2
8207 2
8208 2
8209 2
8210 2
8211 53236
8212 2
8213 2
8214 2
8215 2
8216 53268
8220 1
8221 1
8222 2
8223 2
8224 2
8225 2
8226 2
8229 3
8230 2
8231 2
8232 2
8233 3
8234 1
8235 2
8236 45690
8237 2
8238 2
8239 2
8240 47293
8241 2
8242 3
8243 2
8244 2
8245 2
8246 2
8247 1
8248 5
8249 1
8250 2
8251 2
8252 2
8253 2
8254 2
8255 47243
8256 2
8257 2
8258 47236
8259 2
8265 387
8266 2
8267 2
8268 2
8269 2
8270 2
8271 2
8272 2
8274 1
8275 2
8276 1
8277 1
8278 1
8279 1
8280 1
8281 643
8282 101882
8283 2
8284 2
8285 2
8286 2
8287 2
8288 46161
8289 30221
8290 2
8291 2
8292 1
8293 2
8294 2
8295 1
8296 1
8297 497
8298 1
8299 2
8300 2
8301 2
8302 2
8303 2
8304 30086
8305 202
8306 2
8307 2
8308 2
8309 2
8310 2
8311 2
8312 2
8313 169
8314 2
8315 2
8316 1
8317 2
8318 2
8319 2
8320 2
8321 97
8322 1
8323 1
8324 2
8325 2
8326 1
8327 1
8328 2
8329 31
8330 2
8331 2
8332 2
8333 2
8334 2
8335 2
8336 29743
8337 17
8338 2
8339 1
8340 1
8341 2
8342 2
8343 2
8344 2
8345 29316
8346 2
8347 2
8348 2
8349 2
8350 2
8351 2
8352 2
8354 23
8355 23148
8356 2
8357 23143
8358 23143
8359 23141
8360 23138
8361 2
8362 24
8363 2
8364 1
8365 2
8366 3
8367 7026
8368 2
8369 1
8371 23
8372 73332
8373 73332
8374 82063
8375 82063
8376 77569
8377 80431
8378 82051
8380 3379
8382 2
8383 1
8384 2
8385 1
8386 2
8387 2
8388 2
8389 65933
8390 2
8391 1
8392 1
8393 1
8394 2
8395 2
8396 2
8397 51640
8398 1
8399 1
8400 1
8401 1
8402 1
8403 2
8404 1
8407 1
8408 1
8409 2
8410 2
8411 1
8412 2
8413 2
8415 47339
8416 16
8417 2
8418 2
8419 2
8420 1
8421 2
8422 2
8423 2
8424 1
8425 2
8426 2
8427 2
8428 1
8429 2
8430 2
8431 1
8432 2
8433 2
8434 1
8435 1
8436 2
8437 3
8438 1
8439 18
8440 2
8441 2
8442 2
8443 1
8444 2
8445 2
8446 1
8447 2
8448 1
8449 2
8450 2
8451 2
8452 2
8453 1
8454 2
8455 2
8456 1
8457 2
8458 2
8459 1
8460 1
8461 2
8462 2
8463 2
8464 2
8465 2
8466 1
8472 5037
8486 2
8487 5
8488 2
8489 2
8492 2
8493 2
8494 1
8495 2
8496 3
8497 1
8498 2
8499 2
8500 1
8501 2
8502 2
8503 2
8504 1
8505 3
8507 2
8508 2
8509 2
8510 5
8511 1
8512 2
8513 3
8514 2
8515 2
8516 2
8517 2
8518 2
8519 1
8520 1
8521 2
8522 1
8523 2
8524 2
8525 2
8526 2
8527 1
8528 1
8529 2
8530 2
8531 1
8532 2
8533 2
8534 2
8535 1
8536 2
8537 3
8538 2
8539 1
8540 2
8545 2
8546 2
8547 2
8548 1
8549 1
8550 2
8551 1
8552 2
8553 2
8554 1
8555 2
8556 2
8557 1
8558 1
8559 3
8560 1
8561 2
8563 1
8565 3
8566 1
8567 2
8568 2
8569 2
8570 2
8571 2
8572 2
8573 2
8574 2
8575 2
8576 2
8577 2
8578 2
8579 2
8580 2
8581 2
8582 1
8583 2
8584 2
8585 3
8586 2
8587 2
8588 2
8589 1
8590 1
8591 2
8592 2
8593 2
8594 2
8595 1
8596 2
8597 2
8598 2
8599 2
8600 1
8601 2
8602 2
8603 2
8604 1
8605 2
8606 2
8607 1
8608 2
8609 2
8610 2
8611 1
8612 1
8613 1
8614 2
8615 1
8616 2
8617 1
8618 2
8619 1
8620 2
8621 2
8622 1
8623 1
8624 2
8625 2
8626 1
8627 1
8628 2
8629 2
8630 2
8631 2
8632 2
8633 1
8634 142594
8635 1
8636 1
8637 1
8638 1
8639 1
8647 2
8648 2
8649 2
8650 2
8651 1
8652 1
8653 2
8654 2
8655 1
8656 2
8657 2
8658 1
8659 1
8660 1
8661 2
8662 2
8663 1
8664 2
8665 2
8666 2
8667 2
8668 2
8669 2
8670 2
8671 1
8672 2
8673 2
8674 2
8675 2
8676 2
8677 2
8678 2
8679 2
8680 1
8681 2
8682 2
8683 2
8684 2
8685 2
8686 1
8687 2
8688 2
8689 2
8690 2
8691 2
8692 2
8693 2
8694 1
8695 1
8696 2
8697 2
8698 2
8699 1
8700 1
8701 2
8702 2
8703 2
8704 2
8705 2
8706 2
8707 2
8708 2
8709 1
8710 1
8711 2
8712 1
8713 1
8714 2
8715 2
8716 1
8717 2
8718 2
8719 2
8720 2
8721 1
8722 2
8723 2
8724 3
8725 2
8726 2
8727 2
8728 2
8729 2
8730 2
8731 1
8732 2
8733 2
8734 2
8735 2
8736 1
8737 2
8738 2
8739 2
8740 1
8741 1
8742 2
8743 2
8744 2
8745 2
8746 2
8747 2
8748 2
8749 2
8750 2
8751 2
8752 2
8754 2
8755 20281
8756 2
8757 1
8758 2
8759 2
8760 2
8761 1
8762 11
8763 2
8764 2
8765 2
8766 2
8767 2
8768 2
8769 2
8770 2
8771 1
8772 1
8773 1
8774 2
8775 2
8776 2
8777 1
8778 1
8779 1
8780 2
8781 2
8783 9
8784 1
8785 2
8786 2
8787 2
8788 2
8789 2
8790 25
8791 2
8792 1
8793 2
8794 2
8795 2
8796 2
8797 2
8798 2
8799 1
8800 1
8801 1
8802 2
8803 2
8804 2
8805 2
8806 1
8807 3
8808 2
8809 2
8810 1
8811 1
8812 2
8813 1
8814 2
8815 3
8816 2
8817 2
8818 2939

